1 0 0 0 1 0 0 0 1 1 0
2 0 0 0 2 0 0 0 2 2 0
3 0 0 0 3 0 0 0 3 3 0
4 0 0 5 6 0 0 0 13 9 0
5 2 0 12 9 0 2 0 25 15 1
6 6 0 14 10 0 5 0 29 16 1
7 9 0 23 13 0 8 0 51 23 2
8 11 0 24 14 0 11 0 55 24 2
9 15 0 26 15 0 14 0 59 25 2
10 17 0 33 18 0 17 0 75 31 3
11 21 0 44 21 0 20 0 89 37 4
12 24 0 53 24 0 23 0 103 43 5
13 27 0 62 27 0 27 0 121 49 6
14 32 0 75 30 0 31 0 153 57 7
15 42 0 80 31 0 35 0 158 58 7
16 46 0 82 32 0 39 0 163 59 7
17 52 0 85 33 0 43 0 168 60 7
18 62 0 90 34 0 47 0 173 61 7
19 68 0 93 35 0 51 0 178 62 7
20 72 0 104 38 0 55 0 196 68 8
21 80 0 108 39 0 59 0 201 69 8
22 83 0 117 42 0 63 0 217 75 9
23 87 0 128 45 0 68 0 239 81 10
24 97 0 133 46 0 72 0 244 82 10
25 102 0 146 49 0 76 0 260 88 11
26 108 0 149 50 0 81 0 266 89 11
27 112 0 160 53 0 86 0 284 95 12
28 118 0 163 54 0 91 0 290 96 12
29 124 0 178 57 0 95 0 306 102 13
30 136 0 184 58 0 100 0 312 103 13
31 141 0 197 61 0 106 0 348 111 14
32 153 0 203 62 0 111 0 354 112 14
33 157 0 214 65 0 116 0 372 118 15
34 162 0 227 68 0 122 0 410 126 16
35 168 0 230 69 0 128 0 417 127 16
36 174 0 233 70 0 134 0 424 128 16
37 180 0 248 73 0 140 0 460 136 17
38 192 0 254 74 0 145 0 466 137 17
39 199 0 271 77 0 150 0 486 143 18
40 205 0 274 78 0 156 0 493 144 18
41 211 0 277 79 0 162 0 500 145 18
42 219 0 296 82 0 168 0 536 153 19
43 231 0 302 83 0 174 0 543 154 19
44 238 0 319 86 0 180 0 567 160 20
45 244 0 334 89 0 185 0 585 166 21
46 254 0 339 90 0 189 0 590 167 21
47 260 0 350 93 1 191 0 602 172 22
48 265 0 363 96 1 196 0 628 179 23
49 273 0 382 99 1 203 0 658 186 24
50 285 0 388 100 1 209 0 665 187 24
51 301 0 396 101 1 216 0 673 188 24
52 311 0 401 102 1 221 0 679 189 24
53 320 0 422 105 1 228 0 719 197 25
54 326 0 425 106 1 235 0 727 198 25
55 326 0 438 109 2 237 0 751 204 26
56 332 0 441 110 2 243 0 758 205 26
57 341 0 462 113 2 249 0 796 213 27
58 345 0 473 116 2 255 0 832 221 28
59 359 0 480 117 2 260 0 838 222 28
60 369 0 503 120 2 267 0 868 229 29
61 377 0 522 123 2 272 0 886 235 30
62 387 0 527 124 2 278 0 893 236 30
63 393 0 530 125 2 284 0 900 237 30
64 409 0 538 126 2 290 0 907 238 30
65 419 0 543 127 2 296 0 914 239 30
66 423 0 554 130 2 302 0 936 245 31
67 441 0 563 131 2 308 0 943 246 31
68 447 0 578 134 2 314 0 963 252 32
69 456 0 599 137 2 320 0 991 259 33
70 467 0 624 140 2 327 0 1023 266 34
71 472 0 637 143 2 334 0 1061 274 35
72 477 0 650 146 2 341 0 1101 282 36
73 483 0 665 149 2 347 0 1125 288 37
74 497 0 672 150 2 352 0 1131 289 37
75 515 0 681 151 2 359 0 1139 290 37
76 527 0 687 152 2 364 0 1145 291 37
77 537 0 710 155 2 371 0 1173 297 38
78 555 0 719 156 2 377 0 1180 298 38
79 560 0 732 159 2 384 0 1206 304 39
80 576 0 740 160 2 390 0 1213 305 39
81 586 0 745 161 2 398 0 1222 306 39
82 596 0 768 164 2 404 0 1250 313 40
83 614 0 777 165 2 410 0 1257 314 40
84 624 0 782 166 2 418 0 1266 315 40
85 634 0 787 167 2 425 0 1274 316 40
86 644 0 792 168 2 431 0 1281 317 40
87 650 0 807 171 2 438 0 1319 325 41
88 660 0 812 172 2 446 0 1328 326 41
89 668 0 831 175 2 452 0 1350 332 42
90 680 0 837 176 2 459 0 1358 333 42
91 689 0 858 179 2 465 0 1378 339 43
92 707 0 871 181 3 469 0 1398 345 44
93 717 0 876 182 3 474 0 1404 346 44
94 727 0 881 183 3 480 0 1411 347 44
95 733 0 896 186 3 485 0 1429 353 45
96 751 0 905 187 3 491 0 1436 354 45
97 761 0 910 188 3 498 0 1444 355 45
98 765 0 921 191 3 505 0 1466 361 46
99 775 0 926 192 3 511 0 1473 362 46
100 781 0 929 193 3 518 0 1481 363 46
101 791 0 934 194 3 523 0 1487 364 46
102 801 0 939 195 3 530 0 1495 365 46
103 813 0 945 196 3 536 0 1502 366 46
104 820 0 962 199 3 543 0 1526 372 47
105 830 0 967 200 3 550 0 1534 373 47
106 850 0 977 201 3 558 0 1543 374 47
107 860 0 982 202 3 564 0 1550 375 47
108 868 0 986 203 3 570 0 1557 376 47
109 874 0 1001 206 3 577 0 1579 382 48
110 884 0 1024 209 3 583 0 1599 388 49
111 890 0 1039 212 3 591 0 1639 396 50
112 910 0 1049 213 3 599 0 1648 397 50
113 920 0 1072 216 3 605 0 1668 403 51
114 932 0 1078 217 3 610 0 1674 404 51
115 944 0 1084 218 3 618 0 1683 405 51
116 954 0 1089 219 3 624 0 1690 406 51
117 961 0 1106 222 3 632 0 1732 414 52
118 965 0 1117 225 3 639 0 1754 420 53
119 972 0 1134 228 3 647 0 1784 426 54
120 992 0 1144 229 3 653 0 1791 427 54
121 1006 0 1151 230 3 662 0 1801 428 54
122 1024 0 1160 231 3 668 0 1808 429 54
123 1042 0 1169 232 3 675 0 1816 430 54
124 1050 0 1173 233 3 683 0 1825 431 54
125 1058 0 1192 236 3 692 0 1859 438 55
126 1072 0 1199 237 3 701 0 1869 439 55
127 1078 0 1214 240 3 708 0 1891 445 56
128 1096 0 1223 241 3 714 0 1898 446 56
129 1098 0 1239 244 4 717 0 1917 450 57
130 1120 0 1250 245 4 724 0 1925 451 57
131 1134 0 1257 246 4 732 0 1934 452 57
132 1144 0 1262 247 4 737 0 1940 453 57
133 1164 0 1272 248 4 744 0 1948 454 57
134 1176 0 1299 251 4 751 0 1978 461 58
135 1196 0 1314 253 5 755 0 1992 465 59
136 1203 0 1331 256 5 762 0 2022 472 60
137 1213 0 1336 257 5 768 0 2029 473 60
138 1231 0 1345 258 5 775 0 2037 474 60
139 1241 0 1350 259 5 781 0 2044 475 60
140 1248 0 1367 262 5 786 0 2062 481 61
141 1260 0 1373 263 5 793 0 2070 482 61
142 1270 0 1378 264 5 799 0 2077 483 61
143 1278 0 1397 267 5 805 0 2113 491 62
144 1286 0 1401 268 5 811 0 2120 492 62
145 1294 0 1405 269 5 817 0 2127 493 62
146 1301 0 1422 272 5 825 0 2151 499 63
147 1311 0 1445 275 5 832 0 2173 505 64
148 1321 0 1450 276 5 838 0 2180 506 64
149 1335 0 1457 277 5 846 0 2189 507 64
150 1353 0 1466 278 5 852 0 2196 508 64
151 1364 0 1491 281 5 860 0 2222 514 65
152 1376 0 1497 282 5 867 0 2230 515 65
153 1386 0 1502 283 5 873 0 2237 516 65
154 1394 0 1521 286 5 882 0 2273 523 66
155 1404 0 1526 287 5 887 0 2279 524 66
156 1414 0 1531 288 5 892 0 2285 525 66
157 1430 0 1539 289 5 898 0 2292 526 66
158 1436 0 1554 292 5 905 0 2324 533 67
159 1456 0 1564 293 5 912 0 2332 534 67
160 1476 0 1574 294 5 919 0 2340 535 67
161 1494 0 1583 295 5 925 0 2347 536 67
162 1501 0 1600 298 5 931 0 2375 543 68
163 1521 0 1610 299 5 938 0 2383 544 68
164 1532 0 1635 302 5 945 0 2407 550 69
165 1538 0 1650 305 5 951 0 2427 556 70
166 1552 0 1657 306 5 959 0 2436 557 70
167 1572 0 1667 307 5 967 0 2445 558 70
168 1592 0 1677 308 5 974 0 2453 559 70
169 1601 0 1698 311 5 981 0 2479 565 71
170 1621 0 1708 312 5 989 0 2488 566 71
171 1632 0 1733 315 5 996 0 2526 574 72
172 1644 0 1760 318 5 1003 0 2558 581 73
173 1650 0 1775 321 5 1009 0 2578 587 74
174 1657 0 1792 324 5 1016 0 2608 594 75
175 1664 0 1809 327 5 1023 0 2646 602 76
176 1678 0 1816 328 5 1031 0 2655 603 76
177 1692 0 1823 329 5 1038 0 2663 604 76
178 1710 0 1832 330 5 1044 0 2670 605 76
179 1716 0 1840 332 6 1046 0 2687 609 77
180 1738 0 1851 333 6 1055 0 2697 610 77
181 1760 0 1862 334 6 1061 0 2704 611 77
182 1778 0 1876 336 7 1066 0 2715 616 78
183 1788 0 1899 339 7 1073 0 2737 622 79
184 1806 0 1908 340 7 1079 0 2744 623 79
185 1824 0 1917 341 7 1087 0 2753 624 79
186 1834 0 1922 342 7 1094 0 2761 625 79
187 1843 0 1943 345 7 1103 0 2803 633 80
188 1857 0 1950 346 7 1112 0 2813 634 80
189 1870 0 1979 349 7 1119 0 2843 641 81
190 1888 0 1988 350 7 1127 0 2852 642 81
191 1895 0 2005 353 7 1134 0 2882 649 82
192 1917 0 2016 354 7 1140 0 2889 650 82
193 1928 0 2041 357 7 1148 0 2929 658 83
194 1948 0 2051 358 7 1155 0 2937 659 83
195 1957 0 2072 361 7 1164 0 2983 667 84
196 1971 0 2103 364 7 1171 0 3009 673 85
197 1993 0 2114 365 7 1177 0 3016 674 85
198 1998 0 2127 368 7 1185 0 3056 682 86
199 2010 0 2133 369 7 1191 0 3063 683 86
200 2020 0 2138 370 7 1198 0 3071 684 86
201 2032 0 2165 373 7 1204 0 3091 690 87
202 2044 0 2171 374 7 1212 0 3100 691 87
203 2058 0 2178 375 7 1220 0 3109 692 87
204 2066 0 2197 378 7 1227 0 3131 698 88
205 2092 0 2210 379 7 1234 0 3139 699 88
206 2110 0 2219 380 7 1241 0 3147 700 88
207 2132 0 2230 381 7 1247 0 3154 701 88
208 2142 0 2253 384 7 1256 0 3188 708 89
209 2153 0 2278 387 7 1265 0 3224 715 90
210 2161 0 2282 388 7 1273 0 3233 716 90
211 2173 0 2288 389 7 1279 0 3240 717 90
212 2187 0 2295 390 7 1287 0 3249 718 90
213 2192 0 2308 393 7 1295 0 3275 724 91
214 2199 0 2325 396 7 1301 0 3295 730 92
215 2213 0 2332 397 7 1309 0 3304 731 92
216 2221 0 2351 400 7 1317 0 3330 737 93
217 2235 0 2358 401 7 1324 0 3338 738 93
218 2241 0 2373 404 7 1333 0 3372 745 94
219 2254 0 2402 407 7 1340 0 3410 753 95
220 2265 0 2427 410 7 1348 0 3434 759 96
221 2279 0 2434 411 7 1356 0 3443 760 96
222 2285 0 2449 414 7 1364 0 3467 766 97
223 2295 0 2472 417 7 1371 0 3489 772 98
224 2303 0 2491 420 7 1378 0 3519 779 99
225 2325 0 2502 421 7 1387 0 3529 780 99
226 2341 0 2510 422 7 1396 0 3539 781 99
227 2353 0 2537 425 7 1405 0 3583 789 100
228 2360 0 2554 428 7 1412 0 3607 795 101
229 2366 0 2569 431 7 1419 0 3637 802 102
230 2376 0 2574 432 7 1426 0 3645 803 102
231 2396 0 2584 433 7 1434 0 3654 804 102
232 2408 0 2590 434 7 1441 0 3662 805 102
233 2426 0 2599 435 7 1449 0 3671 806 102
234 2444 0 2608 436 7 1457 0 3680 807 102
235 2468 0 2620 437 7 1466 0 3690 808 102
236 2482 0 2627 438 7 1473 0 3698 809 102
237 2494 0 2654 441 7 1480 0 3736 817 103
238 2506 0 2660 442 7 1488 0 3745 818 103
239 2511 0 2673 445 7 1496 0 3785 826 104
240 2522 0 2698 448 7 1504 0 3817 833 105
241 2531 0 2719 451 7 1513 0 3851 840 106
242 2545 0 2726 452 7 1521 0 3860 841 106
243 2556 0 2751 455 7 1529 0 3894 848 107
244 2562 0 2766 458 7 1538 0 3934 855 108
245 2576 0 2773 459 7 1545 0 3942 856 108
246 2586 0 2796 462 7 1554 0 3984 864 109
247 2600 0 2803 463 7 1562 0 3993 865 109
248 2622 0 2814 464 7 1570 0 4002 866 109
249 2644 0 2825 465 7 1578 0 4011 867 109
250 2658 0 2856 468 7 1586 0 4035 873 110
251 2672 0 2863 469 7 1595 0 4045 874 110
252 2686 0 2870 470 7 1603 0 4054 875 110
253 2696 0 2893 473 7 1610 0 4076 881 111
254 2718 0 2904 474 7 1618 0 4085 882 111
255 2726 0 2908 475 7 1626 0 4094 883 111
256 2735 0 2929 478 7 1633 0 4116 889 112
257 2763 0 2943 479 7 1642 0 4126 890 112
258 2787 0 2955 480 7 1649 0 4134 891 112
259 2801 0 2962 481 7 1658 0 4144 892 112
260 2817 0 2970 482 7 1666 0 4153 893 112
261 2839 0 2981 483 7 1674 0 4162 894 112
262 2853 0 2988 484 7 1682 0 4171 895 112
263 2875 0 2999 485 7 1690 0 4180 896 112
264 2887 0 3005 486 7 1698 0 4189 897 112
265 2909 0 3016 487 7 1706 0 4198 898 112
266 2914 0 3029 490 7 1714 0 4226 904 113
267 2936 0 3040 491 7 1723 0 4236 905 113
268 2950 0 3047 492 7 1730 0 4244 906 113
269 2962 0 3053 493 7 1737 0 4252 907 113
270 2973 0 3078 496 7 1744 0 4274 913 114
271 2997 0 3090 497 7 1751 0 4282 914 114
272 3013 0 3098 498 7 1759 0 4291 915 114
273 3035 0 3109 499 7 1767 0 4300 916 114
274 3049 0 3116 500 7 1775 0 4309 917 114
275 3063 0 3123 501 7 1783 0 4318 918 114
276 3071 0 3142 504 7 1790 0 4340 924 115
277 3095 0 3154 505 7 1798 0 4349 925 115
278 3117 0 3165 506 7 1805 0 4357 926 115
279 3125 0 3169 507 7 1813 0 4366 927 115
280 3134 0 3190 510 7 1821 0 4392 933 116
281 3146 0 3217 513 7 1829 0 4426 940 117
282 3158 0 3244 516 7 1838 0 4468 948 118
283 3168 0 3249 517 7 1846 0 4477 949 118
284 3196 0 3263 518 7 1855 0 4487 950 118
285 3224 0 3277 519 7 1864 0 4497 951 118
286 3232 0 3296 522 7 1873 0 4531 958 119
287 3242 0 3301 523 7 1882 0 4541 959 119
288 3250 0 3320 526 7 1889 0 4563 965 120
289 3264 0 3327 527 7 1897 0 4572 966 120
290 3284 0 3342 529 8 1903 0 4584 970 121
291 3292 0 3361 532 8 1911 0 4616 977 122
292 3308 0 3369 533 8 1919 0 4625 978 122
293 3330 0 3380 534 8 1927 0 4634 979 122
294 3342 0 3407 537 8 1934 0 4656 985 123
295 3350 0 3426 540 8 1942 0 4682 991 124
296 3358 0 3430 541 8 1950 0 4691 992 124
297 3372 0 3437 542 8 1958 0 4700 993 124
298 3387 0 3470 545 8 1967 0 4734 999 125
299 3407 0 3480 546 8 1974 0 4742 1000 125
300 3429 0 3491 547 8 1982 0 4751 1001 125
301 3453 0 3503 548 8 1990 0 4760 1002 125
302 3461 0 3522 551 8 1996 0 4780 1008 126
303 3483 0 3533 552 8 2004 0 4789 1009 126
304 3499 0 3541 553 8 2012 0 4798 1010 126
305 3513 0 3548 554 8 2018 0 4805 1011 126
306 3529 0 3556 555 8 2027 0 4815 1012 126
307 3537 0 3575 558 8 2035 0 4841 1018 127
308 3553 0 3583 559 8 2043 0 4850 1019 127
309 3561 0 3602 562 8 2051 0 4882 1026 128
310 3579 0 3611 563 8 2060 0 4892 1027 128
311 3595 0 3619 564 8 2068 0 4901 1028 128
312 3602 0 3636 567 8 2075 0 4923 1034 129
313 3618 0 3644 568 8 2083 0 4932 1035 129
314 3625 0 3661 571 8 2091 0 4964 1042 130
315 3634 0 3682 574 8 2099 0 4988 1048 131
316 3656 0 3693 575 8 2107 0 4997 1049 131
317 3666 0 3698 576 8 2116 0 5007 1050 131
318 3673 0 3715 579 8 2124 0 5033 1056 132
319 3693 0 3725 580 8 2133 0 5043 1057 132
320 3703 0 3730 581 8 2141 0 5052 1058 132
321 3715 0 3757 584 8 2148 0 5074 1064 133
322 3731 0 3765 585 8 2156 0 5083 1065 133
323 3741 0 3770 586 8 2162 0 5090 1066 133
324 3757 0 3778 587 8 2171 0 5100 1067 133
325 3781 0 3790 588 8 2179 0 5109 1068 133
326 3791 0 3800 590 9 2183 0 5123 1073 134
327 3805 0 3811 592 10 2189 0 5152 1080 135
328 3816 0 3836 595 10 2197 0 5192 1088 136
329 3828 0 3863 598 10 2205 0 5224 1095 137
330 3844 0 3871 599 10 2213 0 5233 1096 137
331 3852 0 3890 602 10 2221 0 5259 1102 138
332 3876 0 3902 603 10 2229 0 5268 1103 138
333 3885 0 3923 606 10 2237 0 5294 1109 139
334 3901 0 3931 607 10 2246 0 5304 1110 139
335 3925 0 3943 608 10 2254 0 5313 1111 139
336 3941 0 3951 609 10 2263 0 5323 1112 139
337 3950 0 3972 612 10 2272 0 5365 1120 140
338 3961 0 3997 615 10 2280 0 5397 1127 141
339 3972 0 4022 618 10 2288 0 5425 1133 142
340 3988 0 4030 619 10 2296 0 5434 1134 142
341 3995 0 4047 622 10 2304 0 5458 1140 143
342 4007 0 4053 623 10 2313 0 5468 1141 143
343 4017 0 4076 626 10 2322 0 5510 1149 144
344 4030 0 4105 629 10 2330 0 5542 1156 145
345 4042 0 4132 632 10 2338 0 5574 1163 146
346 4072 0 4147 633 10 2348 0 5585 1164 146
347 4084 0 4153 634 10 2356 0 5594 1165 146
348 4097 0 4182 637 10 2364 0 5626 1172 147
349 4115 0 4191 638 10 2373 0 5636 1173 147
350 4131 0 4199 639 10 2381 0 5645 1174 147
351 4135 0 4201 640 10 2385 0 5650 1175 147
352 4149 0 4208 641 10 2393 0 5659 1176 147
353 4159 0 4213 642 10 2401 0 5668 1177 147
354 4189 0 4228 643 10 2411 0 5679 1178 147
355 4202 0 4257 646 10 2419 0 5707 1184 148
356 4211 0 4278 649 10 2428 0 5741 1191 149
357 4233 0 4289 650 10 2436 0 5750 1192 149
358 4255 0 4300 651 10 2445 0 5760 1193 149
359 4261 0 4315 654 10 2453 0 5784 1199 150
360 4277 0 4323 655 10 2460 0 5792 1200 150
361 4293 0 4331 656 10 2469 0 5802 1201 150
362 4303 0 4336 657 10 2475 0 5809 1202 150
363 4319 0 4344 658 10 2483 0 5818 1203 150
364 4339 0 4354 659 10 2490 0 5826 1204 150
365 4365 0 4367 660 10 2499 0 5836 1205 150
366 4372 0 4384 663 10 2507 0 5860 1211 151
367 4386 0 4391 664 10 2513 0 5867 1212 151
368 4416 0 4406 665 10 2523 0 5878 1213 151
369 4423 0 4423 668 10 2531 0 5902 1219 152
370 4430 0 4440 671 10 2539 0 5926 1225 153
371 4452 0 4451 672 10 2547 0 5935 1226 153
372 4461 0 4472 675 10 2555 0 5959 1232 154
373 4489 0 4486 676 10 2564 0 5969 1233 154
374 4500 0 4511 679 10 2571 0 5991 1239 155
375 4507 0 4528 682 10 2580 0 6033 1247 156
376 4520 0 4557 685 10 2588 0 6073 1255 157
377 4534 0 4564 686 10 2597 0 6083 1256 157
378 4540 0 4579 689 10 2606 0 6125 1264 158
379 4562 0 4590 690 10 2614 0 6134 1265 158
380 4575 0 4619 693 10 2623 0 6162 1271 159
381 4587 0 4646 696 10 2631 0 6186 1277 160
382 4601 0 4653 697 10 2640 0 6196 1278 160
383 4609 0 4657 698 10 2648 0 6205 1279 160
384 4623 0 4664 699 10 2657 0 6215 1280 160
385 4631 0 4683 702 10 2666 0 6249 1287 161
386 4640 0 4704 705 10 2673 0 6279 1294 162
387 4652 0 4731 708 10 2681 0 6303 1300 163
388 4663 0 4756 711 10 2690 0 6333 1306 164
389 4689 0 4769 712 10 2698 0 6342 1307 164
390 4701 0 4775 713 10 2707 0 6352 1308 164
391 4708 0 4792 716 10 2714 0 6374 1314 165
392 4716 0 4796 717 10 2722 0 6383 1315 165
393 4730 0 4827 720 10 2732 0 6419 1322 166
394 4740 0 4832 721 10 2740 0 6428 1323 166
395 4748 0 4851 724 10 2748 0 6452 1329 167
396 4772 0 4863 725 10 2757 0 6462 1330 167
397 4800 0 4877 726 10 2766 0 6472 1331 167
398 4816 0 4898 729 11 2770 0 6490 1336 168
399 4830 0 4905 730 11 2777 0 6498 1337 168
400 4854 0 4917 731 11 2786 0 6508 1338 168
401 4864 0 4940 734 11 2795 0 6538 1344 169
402 4884 0 4950 735 11 2801 0 6545 1345 169
403 4893 0 4971 738 11 2809 0 6569 1351 170
404 4915 0 4982 739 11 2817 0 6578 1352 170
405 4931 0 4990 740 11 2825 0 6587 1353 170
406 4946 0 5023 743 11 2835 0 6627 1360 171
407 4970 0 5035 744 11 2843 0 6636 1361 171
408 4988 0 5044 745 11 2852 0 6646 1362 171
409 4996 0 5063 748 11 2861 0 6684 1369 172
410 5012 0 5071 749 11 2869 0 6693 1370 172
411 5036 0 5083 750 11 2877 0 6702 1371 172
412 5060 0 5095 751 11 2886 0 6712 1372 172
413 5073 0 5124 754 11 2894 0 6736 1378 173
414 5083 0 5147 757 11 2904 0 6782 1386 174
415 5096 0 5176 760 11 2912 0 6806 1392 175
416 5112 0 5184 761 11 2920 0 6815 1393 175
417 5138 0 5197 762 11 2928 0 6824 1394 175
418 5144 0 5212 765 11 2936 0 6848 1400 176
419 5164 0 5236 768 12 2940 0 6866 1405 177
420 5171 0 5253 771 12 2947 0 6888 1411 178
421 5182 0 5278 774 12 2957 0 6932 1419 179
422 5198 0 5286 775 12 2966 0 6942 1420 179
423 5208 0 5309 778 12 2975 0 6968 1426 180
424 5215 0 5326 781 12 2983 0 6994 1432 181
425 5224 0 5347 784 12 2992 0 7022 1438 182
426 5240 0 5382 787 12 3002 0 7058 1445 183
427 5272 0 5398 788 12 3012 0 7069 1446 183
428 5290 0 5407 789 12 3020 0 7078 1447 183
429 5298 0 5426 792 12 3029 0 7114 1454 184
430 5318 0 5436 793 12 3037 0 7123 1455 184
431 5346 0 5450 794 12 3045 0 7132 1456 184
432 5354 0 5469 797 12 3054 0 7160 1462 185
433 5364 0 5474 798 12 3061 0 7168 1463 185
434 5384 0 5484 799 12 3069 0 7177 1464 185
435 5406 0 5495 800 12 3077 0 7186 1465 185
436 5414 0 5499 801 12 3085 0 7195 1466 185
437 5434 0 5509 802 12 3093 0 7204 1467 185
438 5440 0 5524 805 12 3102 0 7230 1473 186
439 5454 0 5531 806 12 3109 0 7238 1474 186
440 5480 0 5544 807 12 3118 0 7248 1475 186
441 5496 0 5557 809 13 3124 0 7260 1479 187
442 5514 0 5566 810 13 3133 0 7270 1480 187
443 5534 0 5576 811 13 3141 0 7279 1481 187
444 5544 0 5585 813 14 3149 0 7293 1485 188
445 5570 0 5598 814 14 3158 0 7303 1486 188
446 5582 0 5604 815 14 3165 0 7311 1487 188
447 5594 0 5631 818 14 3174 0 7339 1493 189
448 5603 0 5652 821 14 3182 0 7379 1501 190
449 5617 0 5659 822 14 3190 0 7388 1502 190
450 5630 0 5688 825 14 3198 0 7416 1508 191
451 5642 0 5715 828 14 3208 0 7466 1516 192
452 5670 0 5729 829 14 3215 0 7474 1517 192
453 5680 0 5734 830 14 3222 0 7482 1518 192
454 5696 0 5769 833 14 3231 0 7518 1525 193
455 5714 0 5778 834 14 3240 0 7528 1526 193
456 5724 0 5801 837 14 3248 0 7552 1532 194
457 5742 0 5810 838 14 3257 0 7562 1533 194
458 5751 0 5831 841 14 3267 0 7606 1541 195
459 5765 0 5838 842 14 3274 0 7614 1542 195
460 5777 0 5844 843 14 3284 0 7625 1543 195
461 5791 0 5856 845 15 3289 0 7640 1547 196
462 5807 0 5864 846 15 3299 0 7651 1548 196
463 5831 0 5876 847 15 3307 0 7660 1549 196
464 5853 0 5887 848 15 3316 0 7670 1550 196
465 5873 0 5897 849 15 3325 0 7680 1551 196
466 5885 0 5924 852 15 3334 0 7708 1557 197
467 5901 0 5932 853 15 3343 0 7718 1558 197
468 5918 0 5969 856 15 3351 0 7742 1564 198
469 5931 0 5998 859 15 3360 0 7770 1570 199
470 5945 0 6005 860 15 3367 0 7778 1571 199
471 5959 0 6036 863 15 3376 0 7814 1578 200
472 5983 0 6048 864 15 3384 0 7823 1579 200
473 6001 0 6057 865 15 3393 0 7833 1580 200
474 6010 0 6078 868 15 3403 0 7869 1587 201
475 6020 0 6101 871 15 3413 0 7913 1595 202
476 6040 0 6111 872 15 3422 0 7923 1596 202
477 6052 0 6117 873 15 3432 0 7934 1597 202
478 6064 0 6123 874 15 3440 0 7943 1598 202
479 6086 0 6134 875 15 3449 0 7953 1599 202
480 6099 0 6163 878 15 3458 0 7979 1605 203
481 6107 0 6182 881 15 3466 0 8003 1611 204
482 6120 0 6211 884 15 3474 0 8027 1617 205
483 6138 0 6220 885 15 3483 0 8037 1618 205
484 6156 0 6229 886 15 3492 0 8047 1619 205
485 6176 0 6244 888 16 3499 0 8060 1623 206
486 6183 0 6261 891 16 3508 0 8088 1629 207
487 6191 0 6280 894 16 3516 0 8114 1635 208
488 6204 0 6309 897 16 3525 0 8148 1642 209
489 6230 0 6322 898 16 3533 0 8157 1643 209
490 6239 0 6343 901 16 3541 0 8189 1650 210
491 6245 0 6346 902 16 3548 0 8197 1651 210
492 6252 0 6363 905 16 3558 0 8243 1659 211
493 6266 0 6394 908 16 3568 0 8287 1667 212
494 6294 0 6408 909 16 3576 0 8296 1668 212
495 6316 0 6419 910 16 3585 0 8306 1669 212
496 6326 0 6424 911 16 3594 0 8316 1670 212
497 6339 0 6453 914 16 3602 0 8342 1676 213
498 6363 0 6465 915 16 3610 0 8351 1677 213
499 6381 0 6474 916 16 3620 0 8362 1678 213
500 6387 0 6489 919 16 3628 0 8386 1684 214
501 6413 0 6502 920 16 3637 0 8396 1685 214
502 6439 0 6515 921 16 3646 0 8406 1686 214
503 6457 0 6524 922 16 3655 0 8416 1687 214
504 6466 0 6545 925 16 3664 0 8458 1695 215
505 6484 0 6562 928 17 3670 0 8470 1700 216
506 6493 0 6583 931 17 3677 0 8492 1706 217
507 6508 0 6616 934 17 3686 0 8534 1714 218
508 6522 0 6623 935 17 3693 0 8542 1715 218
509 6532 0 6646 938 17 3703 0 8580 1722 219
510 6549 0 6683 941 17 3712 0 8614 1729 220
511 6565 0 6691 942 17 3720 0 8623 1730 220
512 6573 0 6699 944 18 3726 0 8648 1736 221
513 6586 0 6728 947 18 3734 0 8672 1742 222
514 6601 0 6761 950 18 3741 0 8694 1748 223
515 6617 0 6769 951 18 3749 0 8703 1749 223
516 6622 0 6782 954 18 3758 0 8729 1755 224
517 6630 0 6801 957 18 3766 0 8755 1761 225
518 6646 0 6822 960 19 3772 0 8777 1767 226
519 6654 0 6841 963 19 3779 0 8799 1773 227
520 6667 0 6870 966 19 3787 0 8823 1779 228
521 6681 0 6901 969 19 3796 0 8853 1785 229
522 6693 0 6907 970 19 3805 0 8863 1786 229
523 6705 0 6913 971 19 3814 0 8873 1787 229
524 6719 0 6920 972 19 3823 0 8883 1788 229
525 6730 0 6945 975 19 3833 0 8927 1796 230
526 6738 0 6949 976 19 3842 0 8937 1797 230
527 6749 0 6974 979 19 3850 0 8961 1803 231
528 6758 0 6995 982 19 3859 0 8987 1809 232
529 6776 0 7004 983 19 3868 0 8997 1810 232
530 6785 0 7025 986 19 3877 0 9031 1817 233
531 6796 0 7050 989 19 3887 0 9069 1824 234
532 6810 0 7057 990 19 3897 0 9080 1825 234
533 6832 0 7068 991 19 3906 0 9090 1826 234
534 6850 0 7077 992 19 3915 0 9100 1827 234
535 6862 0 7104 995 19 3923 0 9124 1833 235
536 6878 0 7112 996 19 3932 0 9134 1834 235
537 6891 0 7141 999 19 3940 0 9158 1840 236
538 6907 0 7149 1000 19 3948 0 9167 1841 236
539 6921 0 7156 1001 19 3957 0 9177 1842 236
540 6927 0 7171 1004 19 3967 0 9213 1848 237
541 6949 0 7182 1005 19 3975 0 9222 1849 237
542 6965 0 7190 1006 19 3983 0 9231 1850 237
543 6987 0 7201 1007 19 3993 0 9242 1851 237
544 6999 0 7228 1010 19 4002 0 9274 1857 238
545 7013 0 7239 1012 20 4009 0 9287 1861 239
546 7037 0 7251 1013 20 4018 0 9297 1862 239
547 7063 0 7264 1014 20 4027 0 9307 1863 239
548 7091 0 7278 1015 20 4036 0 9317 1864 239
549 7119 0 7292 1016 20 4046 0 9328 1865 239
550 7135 0 7300 1017 20 4054 0 9337 1866 239
551 7153 0 7309 1018 20 4063 0 9347 1867 239
552 7164 0 7334 1021 20 4072 0 9389 1875 240
553 7176 0 7361 1024 20 4081 0 9431 1883 241
554 7191 0 7394 1027 20 4091 0 9475 1891 242
555 7213 0 7405 1028 20 4101 0 9486 1892 242
556 7224 0 7430 1031 20 4109 0 9510 1898 243
557 7232 0 7449 1034 20 4118 0 9544 1905 244
558 7248 0 7457 1035 20 4127 0 9554 1906 244
559 7258 0 7480 1038 20 4136 0 9598 1914 245
560 7274 0 7515 1041 20 4146 0 9636 1921 246
561 7287 0 7544 1044 20 4156 0 9680 1929 247
562 7291 0 7560 1047 21 4161 0 9695 1934 248
563 7300 0 7581 1050 21 4169 0 9721 1940 249
564 7315 0 7614 1053 21 4176 0 9743 1946 250
565 7324 0 7635 1056 21 4185 0 9777 1953 251
566 7332 0 7653 1059 22 4189 0 9796 1958 252
567 7358 0 7666 1060 22 4198 0 9806 1959 252
568 7378 0 7676 1061 22 4207 0 9816 1960 252
569 7388 0 7699 1064 22 4216 0 9842 1966 253
570 7395 0 7716 1067 22 4225 0 9868 1972 254
571 7404 0 7737 1070 22 4233 0 9892 1978 255
572 7412 0 7741 1071 22 4237 0 9897 1979 255
573 7418 0 7756 1074 22 4244 0 9919 1985 256
574 7428 0 7769 1077 23 4250 0 9935 1989 257
575 7460 0 7785 1078 23 4259 0 9945 1990 257
576 7478 0 7824 1081 23 4268 0 9975 1996 258
577 7500 0 7835 1082 23 4277 0 9985 1997 258
578 7520 0 7845 1083 23 4287 0 9996 1998 258
579 7531 0 7870 1086 23 4296 0 10030 2005 259
580 7549 0 7879 1087 23 4305 0 10040 2006 259
581 7565 0 7887 1088 23 4313 0 10049 2007 259
582 7572 0 7904 1091 23 4322 0 10091 2015 260
583 7590 0 7913 1092 23 4331 0 10101 2016 260
584 7601 0 7938 1095 23 4341 0 10145 2024 261
585 7610 0 7959 1098 23 4350 0 10171 2030 262
586 7620 0 7982 1101 23 4359 0 10203 2036 263
587 7634 0 7994 1103 24 4365 0 10221 2041 264
588 7647 0 8023 1106 24 4374 0 10263 2049 265
589 7665 0 8032 1107 24 4383 0 10273 2050 265
590 7673 0 8036 1108 24 4393 0 10284 2051 265
591 7686 0 8065 1111 24 4402 0 10312 2057 266
592 7704 0 8074 1112 24 4411 0 10322 2058 266
593 7715 0 8099 1115 24 4421 0 10354 2064 267
594 7733 0 8108 1116 24 4430 0 10364 2065 267
595 7745 0 8135 1119 24 4440 0 10408 2073 268
596 7763 0 8144 1120 24 4443 0 10412 2074 268
597 7789 0 8157 1121 24 4452 0 10422 2075 268
598 7794 0 8170 1124 24 4462 0 10452 2081 269
599 7811 0 8207 1127 24 4470 0 10476 2087 270
600 7824 0 8236 1130 24 4478 0 10500 2093 271
601 7842 0 8245 1131 24 4488 0 10511 2094 271
602 7868 0 8258 1132 24 4498 0 10522 2095 271
603 7888 0 8272 1134 25 4505 0 10553 2102 272
604 7912 0 8284 1135 25 4514 0 10563 2103 272
605 7914 0 8305 1138 26 4516 0 10581 2107 273
606 7930 0 8313 1139 26 4524 0 10590 2108 273
607 7948 0 8322 1140 26 4534 0 10601 2109 273
608 7972 0 8334 1141 26 4544 0 10612 2110 273
609 7992 0 8344 1142 26 4547 0 10616 2111 273
610 8018 0 8357 1143 26 4555 0 10625 2112 273
611 8032 0 8369 1145 27 4561 0 10637 2117 274
612 8052 0 8379 1146 27 4570 0 10647 2118 274
613 8078 0 8392 1147 27 4580 0 10658 2119 274
614 8100 0 8403 1148 27 4590 0 10669 2120 274
615 8128 0 8417 1149 27 4599 0 10679 2121 274
616 8140 0 8437 1152 28 4607 0 10693 2125 275
617 8166 0 8450 1153 28 4617 0 10704 2126 275
618 8173 0 8467 1156 28 4626 0 10730 2132 276
619 8191 0 8476 1157 28 4635 0 10740 2133 276
620 8207 0 8484 1158 28 4644 0 10750 2134 276
621 8219 0 8511 1161 28 4654 0 10782 2140 277
622 8232 0 8540 1164 28 4664 0 10828 2148 278
623 8256 0 8552 1165 28 4673 0 10838 2149 278
624 8269 0 8581 1168 28 4684 0 10876 2156 279
625 8283 0 8588 1169 28 4692 0 10885 2157 279
626 8313 0 8603 1170 28 4700 0 10894 2158 279
627 8326 0 8632 1173 28 4710 0 10928 2164 280
628 8336 0 8655 1176 28 4720 0 10960 2170 281
629 8366 0 8670 1177 28 4729 0 10970 2171 281
630 8382 0 8705 1180 28 4737 0 11002 2178 282
631 8396 0 8712 1181 28 4747 0 11013 2179 282
632 8412 0 8720 1182 28 4755 0 11022 2180 282
633 8428 0 8728 1183 28 4764 0 11032 2181 282
634 8438 0 8733 1184 28 4775 0 11044 2182 282
635 8456 0 8742 1185 28 4784 0 11054 2183 282
636 8462 0 8757 1188 28 4793 0 11080 2189 283
637 8471 0 8778 1191 28 4801 0 11106 2195 284
638 8483 0 8805 1194 28 4810 0 11134 2201 285
639 8505 0 8816 1195 28 4819 0 11144 2202 285
640 8521 0 8824 1196 28 4827 0 11153 2203 285
641 8531 0 8847 1199 28 4836 0 11195 2211 286
642 8540 0 8868 1202 28 4845 0 11229 2218 287
643 8549 0 8889 1205 28 4854 0 11259 2224 288
644 8567 0 8898 1206 28 4864 0 11270 2225 288
645 8579 0 8925 1209 28 4873 0 11296 2231 289
646 8593 0 8956 1212 28 4883 0 11328 2237 290
647 8601 0 8975 1215 28 4893 0 11364 2244 291
648 8613 0 8981 1216 28 4903 0 11375 2245 291
649 8622 0 9002 1219 28 4912 0 11403 2251 292
650 8640 0 9011 1220 28 4921 0 11413 2252 292
651 8653 0 9040 1223 28 4930 0 11439 2258 293
652 8667 0 9071 1226 28 4940 0 11483 2266 294
653 8675 0 9075 1227 28 4950 0 11494 2267 294
654 8693 0 9084 1228 28 4959 0 11504 2268 294
655 8701 0 9088 1229 28 4968 0 11514 2269 294
656 8711 0 9111 1232 28 4978 0 11544 2275 295
657 8731 0 9121 1233 28 4987 0 11554 2276 295
658 8749 0 9130 1234 28 4997 0 11565 2277 295
659 8765 0 9138 1235 28 5006 0 11575 2278 295
660 8795 0 9153 1236 28 5015 0 11585 2279 295
661 8801 0 9168 1239 28 5026 0 11623 2286 296
662 8812 0 9193 1242 28 5036 0 11651 2292 297
663 8826 0 9224 1245 28 5046 0 11685 2298 298
664 8838 0 9234 1247 29 5054 0 11699 2302 299
665 8847 0 9255 1250 29 5063 0 11725 2308 300
666 8860 0 9284 1253 29 5073 0 11769 2316 301
667 8872 0 9311 1256 29 5080 0 11791 2322 302
668 8880 0 9315 1257 29 5090 0 11802 2323 302
669 8904 0 9327 1258 29 5099 0 11812 2324 302
670 8918 0 9358 1261 29 5108 0 11838 2330 303
671 8942 0 9370 1262 29 5117 0 11848 2331 303
672 8968 0 9383 1263 29 5127 0 11859 2332 303
673 8976 0 9403 1266 30 5129 0 11888 2338 304
674 8985 0 9424 1269 30 5138 0 11914 2344 305
675 9005 0 9434 1270 30 5149 0 11926 2345 305
676 9029 0 9446 1271 30 5159 0 11937 2346 305
677 9039 0 9469 1274 30 5169 0 11981 2354 306
678 9063 0 9486 1276 31 5173 0 12018 2361 307
679 9089 0 9499 1277 31 5183 0 12029 2362 307
680 9103 0 9530 1280 31 5191 0 12053 2368 308
681 9109 0 9547 1283 32 5196 0 12085 2375 309
682 9123 0 9578 1286 32 5206 0 12113 2381 310
683 9143 0 9593 1288 33 5214 0 12144 2388 311
684 9169 0 9606 1289 33 5225 0 12156 2389 311
685 9197 0 9625 1291 34 5230 0 12171 2393 312
686 9225 0 9639 1292 34 5240 0 12182 2394 312
687 9239 0 9670 1295 34 5248 0 12206 2400 313
688 9252 0 9699 1298 34 5259 0 12246 2407 314
689 9280 0 9713 1299 34 5267 0 12255 2408 314
690 9306 0 9726 1300 34 5277 0 12266 2409 314
691 9328 0 9737 1301 34 5286 0 12276 2410 314
692 9358 0 9752 1302 34 5293 0 12284 2411 314
693 9366 0 9771 1305 34 5303 0 12312 2417 315
694 9378 0 9789 1308 35 5306 0 12331 2421 316
695 9392 0 9820 1311 35 5317 0 12369 2428 317
696 9405 0 9849 1314 35 5325 0 12401 2435 318
697 9416 0 9874 1317 35 5334 0 12429 2441 319
698 9425 0 9895 1320 35 5343 0 12455 2447 320
699 9439 0 9926 1323 35 5352 0 12481 2453 321
700 9453 0 9933 1324 35 5361 0 12491 2454 321
701 9464 0 9958 1327 35 5370 0 12517 2460 322
702 9473 0 9979 1330 35 5381 0 12555 2467 323
703 9488 0 10012 1333 35 5391 0 12591 2474 324
704 9514 0 10025 1334 35 5401 0 12602 2475 324
705 9540 0 10038 1335 35 5411 0 12613 2476 324
706 9564 0 10050 1336 35 5420 0 12623 2477 324
707 9586 0 10061 1337 35 5428 0 12632 2478 324
708 9598 0 10067 1338 35 5436 0 12641 2479 324
709 9611 0 10096 1341 35 5445 0 12667 2485 325
710 9627 0 10104 1342 35 5454 0 12677 2486 325
711 9636 0 10125 1345 35 5463 0 12721 2494 326
712 9650 0 10156 1348 35 5473 0 12749 2500 327
713 9672 0 10167 1349 35 5482 0 12759 2501 327
714 9686 0 10174 1350 35 5490 0 12768 2502 327
715 9710 0 10191 1352 36 5498 0 12782 2507 328
716 9724 0 10203 1354 37 5506 0 12800 2511 329
717 9734 0 10226 1357 37 5515 0 12842 2519 330
718 9754 0 10236 1358 37 5524 0 12852 2520 330
719 9768 0 10267 1361 37 5535 0 12906 2528 331
720 9775 0 10284 1364 37 5545 0 12952 2536 332
721 9799 0 10296 1365 37 5555 0 12963 2537 332
722 9817 0 10319 1368 38 5558 0 12983 2541 333
723 9843 0 10332 1369 38 5568 0 12994 2542 333
724 9859 0 10340 1370 38 5577 0 13004 2543 333
725 9874 0 10373 1373 38 5585 0 13028 2549 334
726 9880 0 10388 1376 38 5594 0 13056 2555 335
727 9906 0 10401 1377 38 5603 0 13066 2556 335
728 9920 0 10408 1378 38 5612 0 13076 2557 335
729 9946 0 10421 1379 38 5622 0 13087 2558 335
730 9974 0 10435 1380 38 5631 0 13097 2559 335
731 9982 0 10454 1383 38 5640 0 13127 2565 336
732 9992 0 10477 1386 38 5649 0 13153 2571 337
733 10002 0 10500 1389 38 5659 0 13185 2577 338
734 10020 0 10509 1390 38 5669 0 13196 2578 338
735 10028 0 10513 1391 38 5678 0 13206 2579 338
736 10046 0 10522 1392 38 5689 0 13218 2580 338
737 10062 0 10535 1394 39 5695 0 13255 2588 339
738 10080 0 10549 1396 40 5702 0 13268 2593 340
739 10108 0 10563 1397 40 5712 0 13279 2594 340
740 10116 0 10582 1400 40 5722 0 13323 2602 341
741 10125 0 10603 1403 40 5730 0 13347 2608 342
742 10137 0 10630 1406 40 5740 0 13375 2614 343
743 10151 0 10637 1407 40 5746 0 13382 2615 343
744 10163 0 10664 1410 40 5755 0 13410 2621 344
745 10174 0 10689 1413 40 5766 0 13456 2629 345
746 10184 0 10699 1415 41 5773 0 13469 2634 346
747 10206 0 10710 1416 41 5782 0 13479 2635 346
748 10226 0 10720 1417 41 5793 0 13491 2636 346
749 10234 0 10724 1418 41 5802 0 13501 2637 346
750 10243 0 10745 1421 41 5812 0 13545 2645 347
751 10259 0 10753 1422 41 5821 0 13555 2646 347
752 10283 0 10765 1423 41 5831 0 13566 2647 347
753 10309 0 10778 1424 41 5840 0 13576 2648 347
754 10320 0 10803 1427 41 5851 0 13616 2655 348
755 10338 0 10812 1428 41 5860 0 13626 2656 348
756 10352 0 10824 1430 42 5868 0 13650 2662 349
757 10380 0 10838 1431 42 5877 0 13660 2663 349
758 10388 0 10857 1434 42 5886 0 13702 2671 350
759 10397 0 10878 1437 42 5896 0 13730 2677 351
760 10415 0 10887 1438 42 5905 0 13740 2678 351
761 10433 0 10896 1439 42 5914 0 13750 2679 351
762 10443 0 10919 1442 42 5924 0 13778 2685 352
763 10457 0 10930 1444 43 5930 0 13794 2689 353
764 10468 0 10955 1447 43 5940 0 13824 2695 354
765 10490 0 10966 1448 43 5951 0 13836 2696 354
766 10518 0 10980 1449 43 5961 0 13847 2697 354
767 10531 0 11009 1452 43 5969 0 13871 2703 355
768 10543 0 11015 1453 43 5978 0 13881 2704 355
769 10554 0 11040 1456 43 5989 0 13919 2711 356
770 10576 0 11051 1457 43 5999 0 13930 2712 356
771 10590 0 11082 1460 43 6008 0 13956 2718 357
772 10616 0 11095 1461 43 6017 0 13966 2719 357
773 10631 0 11128 1464 43 6027 0 13996 2725 358
774 10649 0 11137 1465 43 6037 0 14007 2726 358
775 10659 0 11160 1468 43 6046 0 14033 2732 359
776 10667 0 11179 1471 43 6055 0 14059 2738 360
777 10693 0 11192 1472 43 6065 0 14070 2739 360
778 10715 0 11203 1473 43 6075 0 14081 2740 360
779 10739 0 11215 1474 43 6083 0 14090 2741 360
780 10748 0 11236 1477 43 6093 0 14126 2748 361
781 10760 0 11246 1479 44 6100 0 14139 2752 362
782 10769 0 11267 1482 44 6109 0 14165 2758 363
783 10785 0 11280 1484 45 6115 0 14185 2763 364
784 10800 0 11313 1487 45 6126 0 14231 2771 365
785 10826 0 11326 1488 45 6133 0 14239 2772 365
786 10848 0 11337 1489 45 6143 0 14250 2773 365
787 10870 0 11348 1490 45 6152 0 14260 2774 365
788 10877 0 11365 1493 45 6160 0 14284 2780 366
789 10895 0 11374 1494 45 6170 0 14295 2781 366
790 10911 0 11382 1495 45 6180 0 14306 2782 366
791 10927 0 11390 1496 45 6190 0 14317 2783 366
792 10937 0 11413 1499 45 6201 0 14365 2791 367
793 10949 0 11440 1502 45 6210 0 14393 2797 368
794 10959 0 11463 1505 45 6219 0 14419 2803 369
795 10972 0 11492 1508 45 6228 0 14447 2809 370
796 10990 0 11501 1509 45 6238 0 14458 2810 370
797 11016 0 11514 1510 45 6245 0 14466 2811 370
798 11026 0 11537 1513 45 6255 0 14502 2818 371
799 11038 0 11543 1514 45 6265 0 14513 2819 371
800 11047 0 11564 1517 45 6275 0 14541 2825 372
801 11054 0 11581 1520 45 6284 0 14575 2832 373
802 11074 0 11591 1521 45 6294 0 14586 2833 373
803 11087 0 11620 1524 45 6303 0 14612 2839 374
804 11107 0 11630 1525 45 6310 0 14620 2840 374
805 11115 0 11648 1528 46 6317 0 14637 2844 375
806 11147 0 11664 1529 46 6326 0 14647 2845 375
807 11155 0 11683 1532 46 6335 0 14673 2851 376
808 11167 0 11689 1533 46 6344 0 14683 2852 376
809 11179 0 11700 1535 47 6350 0 14703 2856 377
810 11191 0 11727 1538 47 6361 0 14749 2864 378
811 11204 0 11756 1541 47 6370 0 14775 2870 379
812 11218 0 11787 1544 47 6379 0 14809 2877 380
813 11244 0 11800 1545 47 6389 0 14820 2878 380
814 11270 0 11813 1546 47 6398 0 14830 2879 380
815 11281 0 11838 1549 47 6408 0 14858 2885 381
816 11288 0 11855 1552 47 6417 0 14884 2891 382
817 11306 0 11864 1553 47 6426 0 14894 2892 382
818 11320 0 11871 1554 47 6434 0 14903 2893 382
819 11330 0 11894 1557 47 6443 0 14929 2899 383
820 11345 0 11927 1560 47 6453 0 14965 2906 384
821 11356 0 11952 1563 47 6463 0 14993 2912 385
822 11372 0 11987 1566 47 6474 0 15031 2919 386
823 11388 0 11995 1567 47 6484 0 15042 2920 386
824 11414 0 12012 1569 48 6491 0 15055 2924 387
825 11432 0 12021 1570 48 6501 0 15066 2925 387
826 11444 0 12027 1571 48 6511 0 15077 2926 387
827 11470 0 12040 1572 48 6521 0 15088 2927 387
828 11483 0 12069 1575 48 6531 0 15124 2934 388
829 11501 0 12078 1576 48 6541 0 15135 2935 388
830 11519 0 12087 1577 48 6550 0 15145 2936 388
831 11543 0 12099 1578 48 6561 0 15157 2937 388
832 11556 0 12128 1581 48 6572 0 15195 2944 389
833 11566 0 12151 1584 48 6582 0 15227 2950 390
834 11573 0 12168 1587 48 6591 0 15253 2956 391
835 11589 0 12176 1588 48 6595 0 15258 2957 391
836 11611 0 12187 1589 48 6605 0 15269 2958 391
837 11620 0 12208 1592 48 6613 0 15293 2964 392
838 11638 0 12217 1593 48 6623 0 15304 2965 392
839 11652 0 12248 1596 48 6632 0 15332 2971 393
840 11662 0 12271 1599 48 6642 0 15368 2978 394
841 11671 0 12292 1602 48 6652 0 15402 2984 395
842 11695 0 12304 1603 48 6660 0 15411 2985 395
843 11713 0 12313 1604 48 6667 0 15419 2986 395
844 11725 0 12319 1605 48 6673 0 15426 2987 395
845 11732 0 12336 1608 48 6683 0 15462 2994 396
846 11754 0 12347 1609 48 6692 0 15472 2995 396
847 11768 0 12378 1612 48 6702 0 15502 3001 397
848 11784 0 12394 1615 49 6710 0 15516 3006 398
849 11804 0 12404 1616 49 6715 0 15522 3007 398
850 11815 0 12429 1619 49 6725 0 15560 3014 399
851 11828 0 12458 1622 49 6735 0 15588 3020 400
852 11836 0 12477 1625 49 6744 0 15614 3026 401
853 11850 0 12508 1628 49 6754 0 15642 3032 402
854 11861 0 12533 1631 49 6763 0 15668 3038 403
855 11877 0 12568 1634 49 6772 0 15702 3045 404
856 11885 0 12572 1635 49 6781 0 15712 3046 404
857 11894 0 12593 1638 49 6790 0 15738 3052 405
858 11918 0 12613 1641 50 6794 0 15756 3056 406
859 11940 0 12624 1642 50 6803 0 15766 3057 406
860 11952 0 12651 1645 50 6814 0 15812 3065 407
861 11967 0 12684 1648 50 6821 0 15834 3071 408
862 11997 0 12703 1650 51 6828 0 15847 3075 409
863 12021 0 12715 1651 51 6832 0 15852 3076 409
864 12035 0 12722 1652 51 6842 0 15863 3077 409
865 12065 0 12737 1653 51 6852 0 15874 3078 409
866 12077 0 12743 1654 51 6861 0 15884 3079 409
867 12088 0 12768 1657 51 6871 0 15928 3087 410
868 12102 0 12799 1660 51 6880 0 15956 3093 411
869 12112 0 12822 1663 51 6890 0 15986 3099 412
870 12124 0 12849 1666 51 6900 0 16014 3105 413
871 12148 0 12861 1667 51 6910 0 16025 3106 413
872 12170 0 12872 1668 51 6921 0 16037 3107 413
873 12182 0 12899 1671 51 6932 0 16085 3115 414
874 12210 0 12918 1673 52 6938 0 16097 3120 415
875 12234 0 12930 1674 52 6944 0 16104 3121 415
876 12242 0 12949 1677 52 6953 0 16130 3127 416
877 12266 0 12961 1678 52 6963 0 16141 3128 416
878 12273 0 12978 1681 52 6972 0 16169 3134 417
879 12295 0 12989 1682 52 6983 0 16181 3135 417
880 12317 0 13000 1683 52 6994 0 16193 3136 417
881 12333 0 13013 1685 53 7000 0 16215 3142 418
882 12351 0 13022 1686 53 7010 0 16226 3143 418
883 12367 0 13030 1687 53 7019 0 16236 3144 418
884 12389 0 13045 1689 54 7026 0 16257 3148 419
885 12411 0 13056 1690 54 7036 0 16268 3149 419
886 12418 0 13073 1693 54 7045 0 16294 3155 420
887 12436 0 13082 1694 54 7055 0 16305 3156 420
888 12450 0 13113 1697 54 7064 0 16339 3163 421
889 12466 0 13148 1700 54 7073 0 16365 3169 422
890 12480 0 13179 1703 54 7083 0 16397 3175 423
891 12490 0 13202 1706 54 7090 0 16419 3181 424
892 12501 0 13227 1709 54 7099 0 16445 3187 425
893 12515 0 13234 1710 54 7108 0 16455 3188 425
894 12524 0 13255 1713 54 7118 0 16501 3196 426
895 12542 0 13264 1714 54 7128 0 16512 3197 426
896 12552 0 13287 1717 54 7137 0 16538 3203 427
897 12560 0 13291 1718 54 7146 0 16548 3204 427
898 12578 0 13300 1719 54 7155 0 16558 3205 427
899 12602 0 13312 1720 54 7166 0 16570 3206 427
900 12613 0 13337 1723 54 7176 0 16598 3212 428
901 12626 0 13366 1726 54 7186 0 16626 3218 429
902 12652 0 13379 1727 54 7195 0 16636 3219 429
903 12665 0 13408 1730 54 7206 0 16676 3225 430
904 12671 0 13424 1733 55 7212 0 16696 3229 431
905 12681 0 13447 1736 55 7222 0 16724 3235 432
906 12697 0 13482 1739 55 7231 0 16752 3241 433
907 12719 0 13493 1740 55 7242 0 16764 3242 433
908 12737 0 13502 1741 55 7251 0 16774 3243 433
909 12761 0 13514 1742 55 7262 0 16786 3244 433
910 12787 0 13527 1743 55 7272 0 16797 3245 433
911 12805 0 13536 1744 55 7282 0 16808 3246 433
912 12813 0 13555 1747 55 7292 0 16844 3253 434
913 12821 0 13574 1750 55 7301 0 16870 3259 435
914 12837 0 13586 1752 56 7308 0 16901 3266 436
915 12847 0 13609 1755 56 7318 0 16945 3274 437
916 12860 0 13638 1758 56 7329 0 16991 3282 438
917 12876 0 13646 1759 56 7336 0 16999 3283 438
918 12893 0 13683 1762 56 7346 0 17043 3291 439
919 12902 0 13704 1765 56 7355 0 17069 3297 440
920 12916 0 13735 1768 56 7365 0 17097 3303 441
921 12928 0 13762 1771 56 7375 0 17127 3309 442
922 12935 0 13779 1774 56 7385 0 17163 3316 443
923 12944 0 13800 1777 56 7395 0 17193 3322 444
924 12951 0 13817 1780 56 7404 0 17219 3328 445
925 12967 0 13830 1782 57 7412 0 17233 3333 446
926 12976 0 13851 1785 57 7422 0 17265 3339 447
927 12984 0 13870 1788 57 7432 0 17309 3347 448
928 13012 0 13888 1790 58 7438 0 17321 3351 449
929 13026 0 13919 1793 58 7447 0 17347 3357 450
930 13046 0 13934 1795 59 7454 0 17360 3362 451
931 13056 0 13957 1798 59 7464 0 17390 3368 452
932 13074 0 13966 1799 59 7474 0 17401 3369 452
933 13092 0 13979 1801 60 7483 0 17416 3373 453
934 13104 0 14006 1804 60 7493 0 17460 3381 454
935 13118 0 14013 1805 60 7503 0 17471 3382 454
936 13140 0 14029 1807 61 7510 0 17505 3389 455
937 13150 0 14052 1810 61 7520 0 17537 3395 456
938 13168 0 14061 1811 61 7530 0 17548 3396 456
939 13177 0 14082 1814 61 7540 0 17592 3404 457
940 13185 0 14101 1817 61 7550 0 17624 3410 458
941 13199 0 14108 1818 61 7559 0 17634 3411 458
942 13225 0 14121 1819 61 7569 0 17645 3412 458
943 13237 0 14148 1822 61 7579 0 17675 3418 459
944 13267 0 14163 1823 61 7589 0 17686 3419 459
945 13287 0 14178 1825 62 7597 0 17702 3424 460
946 13301 0 14209 1828 62 7606 0 17728 3430 461
947 13315 0 14216 1829 62 7616 0 17739 3431 461
948 13341 0 14229 1830 62 7626 0 17750 3432 461
949 13369 0 14243 1831 62 7637 0 17762 3433 461
950 13380 0 14268 1834 62 7647 0 17790 3439 462
951 13394 0 14299 1837 62 7656 0 17816 3445 463
952 13402 0 14318 1840 62 7666 0 17846 3451 464
953 13426 0 14330 1841 62 7676 0 17857 3452 464
954 13431 0 14343 1844 62 7685 0 17883 3458 465
955 13446 0 14376 1847 62 7696 0 17921 3465 466
956 13458 0 14403 1850 62 7707 0 17973 3473 467
957 13473 0 14436 1853 62 7717 0 18009 3480 468
958 13484 0 14461 1856 62 7727 0 18037 3486 469
959 13496 0 14488 1859 62 7738 0 18085 3494 470
960 13520 0 14500 1860 62 7748 0 18096 3495 470
961 13538 0 14509 1861 62 7756 0 18105 3496 470
962 13564 0 14522 1862 62 7767 0 18117 3497 470
963 13590 0 14535 1863 62 7777 0 18128 3498 470
964 13602 0 14541 1864 62 7783 0 18135 3499 470
965 13613 0 14566 1867 62 7793 0 18163 3505 471
966 13631 0 14575 1868 62 7803 0 18174 3506 471
967 13643 0 14602 1871 62 7813 0 18202 3512 472
968 13665 0 14613 1872 62 7824 0 18214 3513 472
969 13675 0 14636 1875 62 7834 0 18244 3519 473
970 13693 0 14645 1876 62 7841 0 18252 3520 473
971 13715 0 14660 1878 63 7848 0 18269 3525 474
972 13731 0 14695 1881 63 7857 0 18297 3531 475
973 13761 0 14710 1882 63 7866 0 18307 3532 475
974 13787 0 14723 1883 63 7876 0 18318 3533 475
975 13793 0 14738 1886 64 7882 0 18343 3539 476
976 13807 0 14769 1889 64 7891 0 18379 3546 477
977 13815 0 14788 1892 64 7900 0 18405 3552 478
978 13822 0 14805 1895 64 7909 0 18431 3558 479
979 13832 0 14822 1898 65 7915 0 18457 3564 480
980 13846 0 14853 1901 65 7923 0 18481 3570 481
981 13862 0 14866 1903 66 7928 0 18500 3575 482
982 13890 0 14880 1904 66 7936 0 18509 3576 482
983 13904 0 14911 1907 66 7945 0 18551 3584 483
984 13922 0 14920 1908 66 7953 0 18560 3585 483
985 13928 0 14935 1911 66 7962 0 18586 3591 484
986 13958 0 14950 1912 66 7972 0 18597 3592 484
987 13982 0 14962 1913 66 7980 0 18606 3593 484
988 13998 0 14997 1916 66 7989 0 18640 3600 485
989 14020 0 15008 1917 66 8000 0 18652 3601 485
990 14040 0 15018 1918 66 8007 0 18660 3602 485
991 14062 0 15029 1919 66 8017 0 18671 3603 485
992 14072 0 15052 1922 66 8028 0 18709 3610 486
993 14080 0 15071 1925 66 8038 0 18747 3617 487
994 14094 0 15083 1927 67 8041 0 18765 3622 488
995 14108 0 15090 1928 67 8050 0 18775 3623 488
996 14124 0 15098 1929 67 8057 0 18783 3624 488
997 14133 0 15119 1932 67 8064 0 18805 3630 489
998 14143 0 15142 1935 67 8074 0 18835 3636 490
999 14161 0 15151 1936 67 8082 0 18844 3637 490
1000 14177 0 15167 1939 68 8089 0 18861 3642 491
1001 14189 0 15194 1942 68 8098 0 18887 3648 492
1002 14196 0 15211 1945 68 8107 0 18913 3654 493
1003 14211 0 15244 1948 68 8117 0 18957 3662 494
1004 14231 0 15254 1949 68 8127 0 18968 3663 494
1005 14243 0 15281 1952 68 8136 0 18994 3669 495
1006 14257 0 15300 1955 69 8141 0 19023 3675 496
1007 14269 0 15327 1958 69 8150 0 19049 3681 497
1008 14287 0 15336 1959 69 8160 0 19060 3682 497
1009 14294 0 15353 1962 69 8170 0 19088 3688 498
1010 14303 0 15374 1965 69 8180 0 19134 3696 499
1011 14333 0 15389 1966 69 8190 0 19145 3697 499
1012 14351 0 15428 1969 69 8200 0 19173 3703 500
1013 14375 0 15440 1970 69 8211 0 19185 3704 500
1014 14385 0 15463 1973 69 8220 0 19211 3710 501
1015 14407 0 15474 1974 69 8230 0 19222 3711 501
1016 14431 0 15499 1977 70 8237 0 19243 3715 502
1017 14463 0 15515 1978 70 8248 0 19255 3716 502
1018 14481 0 15524 1979 70 8258 0 19266 3717 502
1019 14509 0 15538 1980 70 8266 0 19275 3718 502
1020 14517 0 15557 1983 70 8276 0 19303 3724 503
1021 14529 0 15584 1986 70 8286 0 19331 3730 504
1022 14547 0 15593 1987 70 8295 0 19341 3731 504
1023 14569 0 15604 1988 70 8304 0 19351 3732 504
1024 14589 0 15614 1989 70 8315 0 19363 3733 504
1025 14601 0 15641 1992 70 8325 0 19393 3739 505
1026 14623 0 15660 1995 71 8330 0 19408 3744 506
1027 14639 0 15695 1998 71 8341 0 19450 3751 507
1028 14649 0 15708 2001 72 8348 0 19467 3755 508
1029 14660 0 15733 2004 72 8358 0 19507 3762 509
1030 14682 0 15744 2005 72 8368 0 19518 3763 509
1031 14692 0 15767 2008 72 8377 0 19560 3771 510
1032 14703 0 15792 2011 72 8386 0 19586 3777 511
1033 14729 0 15805 2012 72 8396 0 19597 3778 511
1034 14737 0 15824 2015 72 8404 0 19621 3784 512
1035 14745 0 15843 2018 73 8406 0 19640 3789 513
1036 14771 0 15856 2019 73 8416 0 19651 3790 513
1037 14786 0 15889 2022 73 8424 0 19675 3796 514
1038 14806 0 15899 2023 73 8434 0 19686 3797 514
1039 14820 0 15906 2024 73 8443 0 19696 3798 514
1040 14829 0 15927 2027 73 8452 0 19730 3805 515
1041 14843 0 15958 2030 73 8462 0 19774 3813 516
1042 14855 0 15964 2031 73 8468 0 19781 3814 516
1043 14869 0 15971 2032 73 8477 0 19791 3815 516
1044 14881 0 15998 2035 73 8486 0 19817 3821 517
1045 14891 0 16021 2038 73 8496 0 19853 3828 518
1046 14906 0 16054 2041 73 8506 0 19897 3836 519
1047 14915 0 16075 2044 73 8515 0 19923 3842 520
1048 14937 0 16086 2045 73 8523 0 19932 3843 520
1049 14967 0 16105 2047 74 8532 0 19947 3847 521
1050 14995 0 16119 2048 74 8542 0 19958 3848 521
1051 15004 0 16140 2051 74 8553 0 20004 3856 522
1052 15015 0 16165 2054 74 8564 0 20042 3863 523
1053 15025 0 16175 2056 75 8571 0 20059 3868 524
1054 15039 0 16182 2057 75 8578 0 20067 3869 524
1055 15056 0 16219 2060 75 8587 0 20101 3876 525
1056 15072 0 16227 2061 75 8597 0 20112 3877 525
1057 15086 0 16258 2064 75 8606 0 20138 3883 526
1058 15096 0 16281 2067 75 8616 0 20168 3889 527
1059 15112 0 16316 2070 75 8626 0 20196 3895 528
1060 15142 0 16331 2071 75 8636 0 20207 3896 528
1061 15154 0 16358 2074 75 8645 0 20233 3902 529
1062 15162 0 16377 2077 75 8655 0 20261 3908 530
1063 15178 0 16385 2078 75 8664 0 20271 3909 530
1064 15191 0 16414 2081 75 8674 0 20303 3915 531
1065 15221 0 16429 2082 75 8684 0 20314 3916 531
1066 15249 0 16443 2083 75 8695 0 20326 3917 531
1067 15271 0 16454 2084 75 8704 0 20336 3918 531
1068 15289 0 16463 2085 75 8713 0 20346 3919 531
1069 15305 0 16485 2088 76 8717 0 20367 3923 532
1070 15323 0 16494 2089 76 8725 0 20376 3924 532
1071 15337 0 16501 2090 76 8733 0 20385 3925 532
1072 15367 0 16516 2091 76 8742 0 20395 3926 532
1073 15381 0 16547 2094 76 8752 0 20423 3932 533
1074 15399 0 16560 2096 77 8760 0 20437 3936 534
1075 15425 0 16573 2097 77 8769 0 20447 3937 534
1076 15439 0 16588 2100 78 8773 0 20466 3941 535
1077 15448 0 16609 2103 78 8783 0 20496 3947 536
1078 15461 0 16638 2106 78 8793 0 20524 3953 537
1079 15479 0 16647 2107 78 8803 0 20535 3954 537
1080 15496 0 16684 2110 78 8812 0 20563 3960 538
1081 15512 0 16719 2113 78 8822 0 20611 3968 539
1082 15538 0 16736 2115 79 8831 0 20626 3972 540
1083 15554 0 16771 2118 79 8841 0 20656 3978 541
1084 15588 0 16788 2119 79 8851 0 20667 3979 541
1085 15610 0 16799 2120 79 8861 0 20678 3980 541
1086 15624 0 16830 2123 79 8871 0 20706 3986 542
1087 15639 0 16863 2126 79 8881 0 20736 3992 543
1088 15661 0 16874 2127 79 8890 0 20746 3993 543
1089 15676 0 16907 2130 79 8900 0 20776 3999 544
1090 15698 0 16918 2131 79 8910 0 20787 4000 544
1091 15720 0 16929 2132 79 8920 0 20798 4001 544
1092 15740 0 16939 2133 79 8931 0 20810 4002 544
1093 15749 0 16960 2136 79 8942 0 20848 4009 545
1094 15775 0 16973 2137 79 8952 0 20859 4010 545
1095 15803 0 16987 2138 79 8963 0 20871 4011 545
1096 15813 0 17010 2141 79 8974 0 20907 4017 546
1097 15828 0 17043 2144 79 8984 0 20935 4023 547
1098 15842 0 17050 2145 79 8994 0 20946 4024 547
1099 15856 0 17081 2148 79 9004 0 20974 4030 548
1100 15882 0 17094 2149 79 9015 0 20986 4031 548
1101 15897 0 17127 2152 79 9025 0 21016 4037 549
1102 15919 0 17138 2153 79 9036 0 21028 4038 549
1103 15935 0 17151 2155 80 9043 0 21041 4043 550
1104 15959 0 17168 2157 81 9050 0 21064 4049 551
1105 15970 0 17193 2160 81 9059 0 21106 4057 552
1106 15998 0 17207 2161 81 9068 0 21116 4058 552
1107 16016 0 17216 2162 81 9078 0 21127 4059 552
1108 16027 0 17241 2165 81 9089 0 21173 4067 553
1109 16045 0 17250 2166 81 9099 0 21184 4068 553
1110 16056 0 17275 2169 81 9109 0 21212 4074 554
1111 16074 0 17284 2170 81 9117 0 21221 4075 554
1112 16102 0 17298 2171 81 9127 0 21232 4076 554
1113 16130 0 17312 2172 81 9137 0 21243 4077 554
1114 16150 0 17322 2173 81 9147 0 21254 4078 554
1115 16172 0 17333 2174 81 9157 0 21265 4079 554
1116 16196 0 17345 2175 81 9167 0 21276 4080 554
1117 16216 0 17355 2176 81 9176 0 21286 4081 554
1118 16229 0 17384 2179 81 9186 0 21322 4088 555
1119 16245 0 17419 2182 81 9195 0 21364 4096 556
1120 16271 0 17432 2183 81 9204 0 21374 4097 556
1121 16301 0 17447 2184 81 9213 0 21384 4098 556
1122 16315 0 17454 2185 81 9217 0 21389 4099 556
1123 16330 0 17487 2188 81 9227 0 21423 4105 557
1124 16338 0 17506 2191 81 9238 0 21461 4112 558
1125 16346 0 17525 2194 81 9249 0 21499 4119 559
1126 16372 0 17538 2195 81 9259 0 21510 4120 559
1127 16388 0 17573 2198 81 9269 0 21540 4126 560
1128 16403 0 17606 2201 81 9279 0 21568 4132 561
1129 16425 0 17617 2202 81 9290 0 21580 4133 561
1130 16443 0 17639 2205 82 9296 0 21600 4138 562
1131 16461 0 17648 2206 82 9305 0 21610 4139 562
1132 16473 0 17666 2209 83 9311 0 21630 4143 563
1133 16497 0 17678 2210 83 9322 0 21642 4144 563
1134 16515 0 17691 2212 84 9332 0 21658 4148 564
1135 16545 0 17706 2213 84 9341 0 21668 4149 564
1136 16558 0 17735 2216 84 9351 0 21704 4156 565
1137 16570 0 17762 2219 84 9359 0 21728 4162 566
1138 16578 0 17781 2222 84 9368 0 21762 4169 567
1139 16598 0 17791 2223 84 9379 0 21774 4170 567
1140 16609 0 17816 2226 84 9389 0 21818 4178 568
1141 16619 0 17826 2228 85 9397 0 21850 4185 569
1142 16649 0 17841 2229 85 9406 0 21860 4186 569
1143 16663 0 17848 2230 85 9416 0 21871 4187 569
1144 16693 0 17863 2231 85 9425 0 21881 4188 569
1145 16719 0 17876 2232 85 9434 0 21891 4189 569
1146 16745 0 17889 2233 85 9443 0 21901 4190 569
1147 16767 0 17900 2234 85 9454 0 21913 4191 569
1148 16795 0 17914 2235 85 9464 0 21924 4192 569
1149 16802 0 17931 2238 85 9474 0 21954 4198 570
1150 16820 0 17953 2241 86 9480 0 21975 4202 571
1151 16838 0 17962 2242 86 9488 0 21984 4203 571
1152 16853 0 17995 2245 86 9498 0 22012 4209 572
1153 16864 0 18020 2248 86 9509 0 22050 4216 573
1154 16877 0 18049 2251 86 9518 0 22076 4222 574
1155 16893 0 18061 2253 87 9526 0 22108 4229 575
1156 16919 0 18074 2254 87 9534 0 22117 4230 575
1157 16921 0 18088 2257 88 9534 0 22137 4234 576
1158 16937 0 18123 2260 88 9544 0 22165 4240 577
1159 16954 0 18160 2263 88 9555 0 22203 4247 578
1160 16969 0 18193 2266 88 9566 0 22235 4253 579
1161 16981 0 18220 2269 88 9575 0 22261 4259 580
1162 17005 0 18232 2270 88 9586 0 22273 4260 580
1163 17015 0 18255 2273 88 9596 0 22301 4266 581
1164 17032 0 18292 2276 88 9607 0 22341 4273 582
1165 17054 0 18303 2277 88 9618 0 22353 4274 582
1166 17066 0 18314 2279 89 9627 0 22368 4278 583
1167 17088 0 18325 2280 89 9638 0 22380 4279 583
1168 17110 0 18340 2282 90 9647 0 22395 4283 584
1169 17121 0 18365 2285 90 9657 0 22423 4289 585
1170 17131 0 18388 2288 90 9667 0 22451 4295 586
1171 17161 0 18403 2289 90 9678 0 22463 4296 586
1172 17173 0 18430 2292 90 9689 0 22499 4302 587
1173 17182 0 18451 2295 90 9700 0 22537 4308 588
1174 17194 0 18478 2298 90 9710 0 22575 4315 589
1175 17209 0 18511 2301 90 9719 0 22601 4321 590
1176 17221 0 18538 2304 90 9728 0 22627 4327 591
1177 17235 0 18569 2307 90 9737 0 22653 4333 592
1178 17255 0 18579 2308 90 9745 0 22662 4334 592
1179 17275 0 18589 2309 90 9756 0 22674 4335 592
1180 17283 0 18608 2312 90 9766 0 22702 4341 593
1181 17299 0 18643 2315 90 9775 0 22730 4347 594
1182 17325 0 18656 2316 90 9783 0 22739 4348 594
1183 17339 0 18663 2317 90 9793 0 22750 4349 594
1184 17355 0 18676 2319 91 9801 0 22764 4354 595
1185 17377 0 18687 2320 91 9811 0 22775 4355 595
1186 17388 0 18712 2323 91 9822 0 22809 4361 596
1187 17414 0 18725 2324 91 9832 0 22820 4362 596
1188 17430 0 18733 2325 91 9841 0 22830 4363 596
1189 17443 0 18762 2328 91 9850 0 22858 4369 597
1190 17457 0 18769 2329 91 9859 0 22868 4370 597
1191 17472 0 18802 2332 91 9870 0 22906 4377 598
1192 17498 0 18815 2333 91 9880 0 22917 4378 598
1193 17520 0 18826 2334 91 9891 0 22929 4379 598
1194 17529 0 18847 2337 91 9901 0 22957 4385 599
1195 17542 0 18876 2340 91 9913 0 22997 4392 600
1196 17570 0 18902 2343 92 9918 0 23016 4396 601
1197 17596 0 18915 2344 92 9928 0 23027 4397 601
1198 17622 0 18928 2345 92 9937 0 23037 4398 601
1199 17650 0 18942 2346 92 9946 0 23047 4399 601
1200 17680 0 18957 2347 92 9957 0 23059 4400 601
1201 17690 0 18980 2350 92 9965 0 23083 4406 602
1202 17702 0 19007 2353 92 9976 0 23113 4412 603
1203 17728 0 19020 2354 92 9985 0 23123 4413 603
1204 17744 0 19036 2357 93 9992 0 23140 4417 604
1205 17750 0 19044 2359 94 9999 0 23165 4423 605
1206 17765 0 19077 2362 94 10009 0 23193 4429 606
1207 17774 0 19098 2365 94 10020 0 23223 4435 607
1208 17791 0 19135 2368 94 10030 0 23267 4443 608
1209 17799 0 19154 2371 94 10040 0 23295 4449 609
1210 17814 0 19187 2374 94 10050 0 23331 4456 610
1211 17826 0 19214 2377 94 10060 0 23361 4462 611
1212 17842 0 19249 2380 94 10070 0 23391 4468 612
1213 17872 0 19264 2381 94 10079 0 23401 4469 612
1214 17883 0 19289 2384 94 10089 0 23445 4477 613
1215 17896 0 19318 2387 94 10098 0 23471 4483 614
1216 17904 0 19322 2388 94 10107 0 23481 4484 614
1217 17920 0 19357 2391 94 10116 0 23509 4490 615
1218 17946 0 19370 2392 94 10125 0 23519 4491 615
1219 17974 0 19384 2393 94 10135 0 23530 4492 615
1220 17998 0 19396 2394 94 10145 0 23541 4493 615
1221 18024 0 19409 2395 94 10154 0 23551 4494 615
1222 18039 0 19442 2398 94 10164 0 23579 4500 616
1223 18055 0 19450 2399 94 10173 0 23589 4501 616
1224 18079 0 19466 2401 95 10181 0 23603 4505 617
1225 18107 0 19480 2402 95 10190 0 23613 4506 617
1226 18129 0 19491 2403 95 10200 0 23624 4507 617
1227 18147 0 19505 2405 96 10208 0 23642 4511 618
1228 18156 0 19526 2408 96 10218 0 23678 4518 619
1229 18174 0 19565 2411 96 10229 0 23716 4525 620
1230 18194 0 19588 2414 97 10237 0 23730 4530 621
1231 18212 0 19597 2415 97 10244 0 23738 4531 621
1232 18226 0 19628 2418 97 10253 0 23764 4537 622
1233 18242 0 19636 2419 97 10262 0 23774 4538 622
1234 18266 0 19648 2420 97 10272 0 23785 4539 622
1235 18279 0 19677 2423 97 10282 0 23815 4545 623
1236 18307 0 19695 2425 98 10290 0 23831 4550 624
1237 18335 0 19709 2426 98 10299 0 23841 4551 624
1238 18367 0 19730 2428 99 10307 0 23859 4555 625
1239 18391 0 19742 2429 99 10319 0 23872 4556 625
1240 18415 0 19754 2430 99 10330 0 23884 4557 625
1241 18427 0 19781 2433 99 10340 0 23912 4563 626
1242 18435 0 19800 2436 99 10349 0 23938 4569 627
1243 18451 0 19808 2437 99 10358 0 23948 4570 627
1244 18470 0 19849 2440 99 10368 0 23976 4576 628
1245 18484 0 19880 2443 99 10377 0 24002 4582 629
1246 18506 0 19895 2445 100 10384 0 24025 4588 630
1247 18522 0 19930 2448 100 10395 0 24071 4596 631
1248 18535 0 19959 2451 100 10405 0 24099 4602 632
1249 18552 0 19996 2454 100 10416 0 24141 4609 633
1250 18564 0 20023 2457 100 10426 0 24185 4617 634
1251 18598 0 20040 2458 100 10436 0 24196 4618 634
1252 18608 0 20063 2461 101 10438 0 24216 4623 635
1253 18620 0 20090 2464 101 10449 0 24252 4629 636
1254 18640 0 20100 2465 101 10460 0 24264 4630 636
1255 18648 0 20119 2468 101 10470 0 24300 4637 637
1256 18666 0 20136 2471 102 10478 0 24322 4641 638
1257 18692 0 20149 2472 102 10488 0 24333 4642 638
1258 18710 0 20158 2473 102 10497 0 24343 4643 638
1259 18734 0 20170 2474 102 10507 0 24354 4644 638
1260 18752 0 20179 2475 102 10515 0 24363 4645 638
1261 18770 0 20188 2476 102 10527 0 24376 4646 638
1262 18794 0 20200 2477 102 10537 0 24387 4647 638
1263 18814 0 20210 2478 102 10548 0 24399 4648 638
1264 18828 0 20241 2481 102 10559 0 24437 4655 639
1265 18844 0 20249 2482 102 10568 0 24447 4656 639
1266 18858 0 20280 2485 102 10580 0 24487 4663 640
1267 18872 0 20287 2486 102 10587 0 24495 4664 640
1268 18892 0 20297 2487 102 10598 0 24507 4665 640
1269 18904 0 20324 2490 102 10607 0 24533 4671 641
1270 18936 0 20340 2491 102 10618 0 24545 4672 641
1271 18954 0 20379 2494 102 10628 0 24591 4680 642
1272 18966 0 20390 2496 103 10636 0 24609 4684 643
1273 18982 0 20398 2497 103 10646 0 24620 4685 643
1274 18990 0 20417 2500 103 10657 0 24650 4691 644
1275 19018 0 20431 2501 103 10667 0 24661 4692 644
1276 19026 0 20450 2504 103 10678 0 24699 4699 645
1277 19042 0 20458 2505 103 10688 0 24710 4700 645
1278 19052 0 20481 2508 103 10697 0 24736 4706 646
1279 19074 0 20492 2509 103 10708 0 24748 4707 646
1280 19084 0 20515 2512 103 10718 0 24778 4713 647
1281 19094 0 20538 2515 103 10729 0 24820 4720 648
1282 19106 0 20565 2518 103 10739 0 24864 4728 649
1283 19122 0 20600 2521 103 10749 0 24908 4736 650
1284 19134 0 20611 2523 104 10755 0 24949 4744 651
1285 19166 0 20627 2524 104 10765 0 24960 4745 651
1286 19190 0 20639 2525 104 10777 0 24973 4746 651
1287 19214 0 20651 2526 104 10787 0 24984 4747 651
1288 19228 0 20666 2529 105 10793 0 25004 4751 652
1289 19266 0 20685 2530 105 10804 0 25016 4752 652
1290 19282 0 20693 2531 105 10815 0 25028 4753 652
1291 19292 0 20716 2534 105 10825 0 25058 4759 653
1292 19309 0 20753 2537 105 10836 0 25104 4767 654
1293 19322 0 20782 2540 105 10846 0 25140 4774 655
1294 19350 0 20796 2541 105 10855 0 25150 4775 655
1295 19359 0 20817 2544 105 10864 0 25176 4781 656
1296 19369 0 20827 2546 106 10872 0 25208 4788 657
1297 19382 0 20856 2549 106 10883 0 25246 4795 658
1298 19412 0 20871 2550 106 10892 0 25256 4796 658
1299 19420 0 20875 2551 106 10901 0 25266 4797 658
1300 19432 0 20886 2553 107 10908 0 25285 4802 659
1301 19458 0 20899 2554 107 10919 0 25297 4803 659
1302 19469 0 20924 2557 107 10930 0 25331 4809 660
1303 19480 0 20949 2560 107 10940 0 25359 4815 661
1304 19510 0 20964 2561 107 10949 0 25369 4816 661
1305 19528 0 20986 2564 108 10956 0 25390 4820 662
1306 19560 0 21002 2565 108 10964 0 25399 4821 662
1307 19594 0 21019 2566 108 10974 0 25410 4822 662
1308 19606 0 21025 2567 108 10980 0 25417 4823 662
1309 19625 0 21066 2570 108 10990 0 25461 4831 663
1310 19655 0 21081 2571 108 11000 0 25472 4832 663
1311 19664 0 21102 2574 108 11009 0 25498 4838 664
1312 19680 0 21137 2577 108 11019 0 25526 4844 665
1313 19698 0 21146 2578 108 11028 0 25536 4845 665
1314 19720 0 21161 2580 109 11034 0 25566 4852 666
1315 19728 0 21180 2583 109 11044 0 25596 4858 667
1316 19742 0 21211 2586 109 11054 0 25624 4864 668
1317 19756 0 21218 2587 109 11064 0 25635 4865 668
1318 19780 0 21230 2588 109 11074 0 25646 4866 668
1319 19791 0 21255 2591 109 11085 0 25684 4873 669
1320 19799 0 21274 2594 109 11095 0 25716 4879 670
1321 19815 0 21309 2597 109 11105 0 25746 4885 671
1322 19828 0 21338 2600 109 11115 0 25774 4891 672
1323 19844 0 21373 2603 109 11126 0 25816 4898 673
1324 19862 0 21382 2604 109 11135 0 25826 4899 673
1325 19870 0 21400 2607 110 11139 0 25845 4904 674
1326 19882 0 21427 2610 110 11149 0 25875 4910 675
1327 19910 0 21441 2611 110 11158 0 25885 4911 675
1328 19918 0 21460 2614 111 11165 0 25900 4916 676
1329 19928 0 21469 2616 112 11172 0 25930 4923 677
1330 19958 0 21489 2618 113 11179 0 25953 4929 678
1331 19988 0 21508 2620 114 11188 0 25968 4933 679
1332 20016 0 21526 2622 115 11196 0 25991 4939 680
1333 20044 0 21540 2623 115 11205 0 26001 4940 680
1334 20078 0 21557 2624 115 11216 0 26013 4941 680
1335 20088 0 21580 2627 115 11224 0 26037 4947 681
1336 20102 0 21611 2630 115 11234 0 26065 4953 682
1337 20128 0 21624 2631 115 11243 0 26075 4954 682
1338 20144 0 21636 2633 116 11251 0 26089 4958 683
1339 20166 0 21647 2634 116 11262 0 26101 4959 683
1340 20186 0 21661 2636 117 11267 0 26120 4964 684
1341 20196 0 21684 2639 117 11277 0 26148 4970 685
1342 20214 0 21697 2641 118 11282 0 26159 4975 686
1343 20244 0 21712 2642 118 11292 0 26170 4976 686
1344 20254 0 21735 2645 118 11301 0 26196 4982 687
1345 20264 0 21758 2648 118 11310 0 26222 4988 688
1346 20284 0 21773 2650 119 11317 0 26235 4993 689
1347 20289 0 21786 2653 119 11326 0 26261 4999 690
1348 20299 0 21809 2656 119 11335 0 26287 5005 691
1349 20313 0 21816 2657 119 11344 0 26297 5006 691
1350 20325 0 21843 2660 119 11353 0 26323 5012 692
1351 20338 0 21872 2663 119 11363 0 26359 5019 693
1352 20348 0 21895 2666 119 11374 0 26389 5025 694
1353 20364 0 21930 2669 119 11383 0 26415 5031 695
1354 20374 0 21953 2672 119 11391 0 26439 5037 696
1355 20379 0 21966 2675 119 11401 0 26467 5043 697
1356 20388 0 21987 2678 119 11410 0 26493 5049 698
1357 20404 0 21995 2679 119 11419 0 26503 5050 698
1358 20414 0 22018 2682 119 11429 0 26539 5057 699
1359 20425 0 22043 2685 119 11439 0 26567 5063 700
1360 20447 0 22054 2686 119 11448 0 26577 5064 700
1361 20458 0 22079 2689 119 11457 0 26621 5072 701
1362 20465 0 22096 2692 119 11467 0 26657 5079 702
1363 20480 0 22129 2695 119 11479 0 26707 5087 703
1364 20500 0 22139 2696 119 11488 0 26717 5088 703
1365 20510 0 22162 2699 119 11496 0 26741 5094 704
1366 20519 0 22183 2702 119 11506 0 26773 5100 705
1367 20535 0 22191 2703 119 11515 0 26783 5101 705
1368 20569 0 22208 2704 119 11526 0 26795 5102 705
1369 20580 0 22233 2707 119 11535 0 26837 5110 706
1370 20593 0 22262 2710 119 11545 0 26865 5116 707
1371 20603 0 22285 2713 119 11554 0 26893 5122 708
1372 20629 0 22303 2715 120 11563 0 26908 5127 709
1373 20647 0 22317 2717 121 11571 0 26940 5134 710
1374 20661 0 22324 2718 121 11581 0 26951 5135 710
1375 20673 0 22351 2721 121 11592 0 26985 5141 711
1376 20691 0 22390 2724 121 11603 0 27023 5147 712
1377 20704 0 22419 2727 121 11613 0 27053 5153 713
1378 20724 0 22444 2730 122 11616 0 27072 5157 714
1379 20732 0 22448 2731 122 11620 0 27077 5158 714
1380 20747 0 22481 2734 122 11630 0 27105 5164 715
1381 20775 0 22499 2736 123 11637 0 27122 5169 716
1382 20786 0 22524 2739 123 11648 0 27152 5175 717
1383 20808 0 22535 2740 123 11658 0 27163 5176 717
1384 20834 0 22548 2741 123 11667 0 27173 5177 717
1385 20850 0 22556 2742 123 11674 0 27181 5178 717
1386 20860 0 22561 2743 123 11685 0 27193 5179 717
1387 20884 0 22573 2744 123 11697 0 27206 5180 717
1388 20900 0 22608 2747 123 11705 0 27230 5186 718
1389 20926 0 22635 2750 124 11713 0 27244 5190 719
1390 20939 0 22664 2753 124 11725 0 27284 5197 720
1391 20953 0 22671 2754 124 11735 0 27295 5198 720
1392 20969 0 22679 2755 124 11746 0 27307 5199 720
1393 20979 0 22702 2758 124 11756 0 27335 5205 721
1394 20993 0 22733 2761 124 11765 0 27361 5211 722
1395 21008 0 22766 2764 124 11775 0 27389 5217 723
1396 21040 0 22782 2765 124 11784 0 27399 5218 723
1397 21053 0 22811 2768 124 11794 0 27427 5224 724
1398 21066 0 22840 2771 124 11804 0 27455 5230 725
1399 21075 0 22861 2774 124 11813 0 27481 5236 726
1400 21105 0 22876 2775 124 11825 0 27494 5237 726
1401 21123 0 22885 2776 124 11835 0 27505 5238 726
1402 21138 0 22918 2779 124 11845 0 27541 5245 727
1403 21160 0 22929 2780 124 11854 0 27551 5246 727
1404 21170 0 22952 2783 124 11865 0 27581 5252 728
1405 21190 0 22977 2786 125 11871 0 27602 5256 729
1406 21205 0 23010 2789 125 11881 0 27632 5262 730
1407 21218 0 23039 2792 125 11891 0 27662 5268 731
1408 21237 0 23080 2795 125 11903 0 27702 5275 732
1409 21257 0 23123 2798 125 11915 0 27744 5282 733
1410 21265 0 23142 2801 125 11924 0 27770 5288 734
1411 21293 0 23156 2802 125 11934 0 27781 5289 734
1412 21303 0 23179 2805 125 11944 0 27817 5296 735
1413 21317 0 23210 2808 125 11955 0 27855 5303 736
1414 21333 0 23245 2811 125 11964 0 27881 5309 737
1415 21353 0 23269 2814 126 11970 0 27903 5314 738
1416 21373 0 23284 2816 127 11978 0 27917 5319 739
1417 21387 0 23291 2817 127 11987 0 27927 5320 739
1418 21401 0 23322 2820 127 11995 0 27951 5326 740
1419 21427 0 23339 2822 128 12003 0 27965 5330 741
1420 21453 0 23352 2823 128 12013 0 27976 5331 741
1421 21481 0 23366 2824 128 12024 0 27988 5332 741
1422 21496 0 23399 2827 128 12033 0 28014 5338 742
1423 21508 0 23426 2830 128 12045 0 28056 5345 743
1424 21524 0 23461 2833 128 12056 0 28090 5351 744
1425 21542 0 23470 2834 128 12065 0 28100 5352 744
1426 21562 0 23484 2836 129 12075 0 28116 5356 745
1427 21573 0 23509 2839 129 12084 0 28144 5362 746
1428 21601 0 23523 2840 129 12094 0 28155 5363 746
1429 21627 0 23536 2841 129 12104 0 28166 5364 746
1430 21638 0 23561 2844 129 12115 0 28204 5371 747
1431 21662 0 23573 2845 129 12126 0 28216 5372 747
1432 21680 0 23586 2847 130 12133 0 28247 5379 748
1433 21693 0 23615 2850 130 12145 0 28289 5386 749
1434 21705 0 23625 2852 131 12153 0 28303 5390 750
1435 21722 0 23662 2855 131 12162 0 28329 5396 751
1436 21738 0 23675 2857 132 12169 0 28342 5400 752
1437 21748 0 23685 2859 133 12177 0 28365 5406 753
1438 21761 0 23714 2862 133 12189 0 28413 5414 754
1439 21774 0 23743 2865 133 12199 0 28441 5420 755
1440 21794 0 23768 2868 134 12202 0 28460 5424 756
1441 21806 0 23779 2870 135 12209 0 28473 5429 757
1442 21816 0 23802 2873 135 12219 0 28501 5435 758
1443 21830 0 23833 2876 135 12229 0 28531 5441 759
1444 21854 0 23845 2877 135 12239 0 28542 5442 759
1445 21866 0 23851 2878 135 12248 0 28552 5443 759
1446 21886 0 23861 2879 135 12258 0 28563 5444 759
1447 21899 0 23890 2882 135 12268 0 28591 5450 760
1448 21914 0 23923 2885 135 12279 0 28639 5458 761
1449 21934 0 23947 2888 136 12282 0 28667 5464 762
1450 21942 0 23966 2891 136 12292 0 28695 5470 763
1451 21951 0 23987 2894 136 12302 0 28725 5476 764
1452 21971 0 23997 2895 136 12312 0 28736 5477 764
1453 21997 0 24010 2896 136 12321 0 28746 5478 764
1454 22007 0 24033 2899 136 12331 0 28774 5484 765
1455 22018 0 24058 2902 136 12341 0 28802 5490 766
1456 22042 0 24070 2903 136 12347 0 28809 5491 766
1457 22066 0 24087 2905 137 12354 0 28835 5497 767
1458 22079 0 24116 2908 137 12365 0 28873 5504 768
1459 22100 0 24161 2911 137 12377 0 28913 5511 769
1460 22108 0 24179 2914 138 12383 0 28925 5516 770
1461 22120 0 24206 2917 138 12392 0 28951 5522 771
1462 22138 0 24215 2918 138 12403 0 28963 5523 771
1463 22150 0 24242 2921 138 12413 0 28999 5530 772
1464 22158 0 24261 2924 138 12423 0 29035 5537 773
1465 22166 0 24280 2927 139 12429 0 29055 5541 774
1466 22180 0 24311 2930 139 12441 0 29107 5549 775
1467 22195 0 24344 2933 139 12449 0 29131 5555 776
1468 22204 0 24365 2936 139 12461 0 29173 5562 777
1469 22218 0 24372 2937 139 12471 0 29184 5563 777
1470 22244 0 24389 2939 140 12480 0 29199 5567 778
1471 22264 0 24399 2940 140 12487 0 29207 5568 778
1472 22288 0 24411 2941 140 12498 0 29219 5569 778
1473 22316 0 24433 2944 141 12506 0 29233 5574 779
1474 22342 0 24446 2945 141 12516 0 29244 5575 779
1475 22352 0 24469 2948 141 12527 0 29274 5581 780
1476 22366 0 24492 2951 142 12530 0 29295 5585 781
1477 22382 0 24527 2954 142 12540 0 29323 5591 782
1478 22396 0 24534 2955 142 12551 0 29335 5592 782
1479 22411 0 24567 2958 142 12561 0 29363 5598 783
1480 22431 0 24577 2959 142 12572 0 29375 5599 783
1481 22444 0 24606 2962 142 12583 0 29421 5607 784
1482 22454 0 24611 2963 142 12592 0 29431 5608 784
1483 22467 0 24640 2966 142 12602 0 29459 5614 785
1484 22487 0 24650 2967 142 12610 0 29468 5615 785
1485 22500 0 24679 2970 142 12622 0 29518 5623 786
1486 22518 0 24688 2971 142 12632 0 29529 5624 786
1487 22542 0 24700 2972 142 12642 0 29540 5625 786
1488 22580 0 24719 2973 142 12653 0 29552 5626 786
1489 22592 0 24746 2976 142 12663 0 29580 5632 787
1490 22614 0 24762 2978 143 12671 0 29594 5637 788
1491 22628 0 24769 2979 143 12677 0 29601 5638 788
1492 22646 0 24778 2980 143 12687 0 29612 5639 788
1493 22664 0 24787 2981 143 12697 0 29623 5640 788
1494 22692 0 24801 2982 143 12708 0 29635 5641 788
1495 22720 0 24815 2983 143 12718 0 29646 5642 788
1496 22738 0 24854 2986 143 12729 0 29692 5650 789
1497 22766 0 24872 2988 144 12738 0 29707 5654 790
1498 22790 0 24884 2989 144 12749 0 29719 5655 790
1499 22816 0 24897 2990 144 12759 0 29730 5656 790
1500 22830 0 24909 2992 145 12766 0 29753 5662 791
